digraph Tree {
node [shape=box] ;
0 [label="YearBuilt <= 72.5\ngini = 0.9314\nsamples = 728\nvalue = [11, 1, 9, 26, 16, 80, 25, 49, 35, 14, 7, 20\n109, 2, 38, 18, 37, 58, 11, 44, 35, 38, 16, 22\n7]"] ;
1 [label="MSZoning <= 3.5\ngini = 0.8507\nsamples = 352\nvalue = [0, 0, 5, 26, 12, 0, 23, 37, 2, 14, 3, 5, 104\n0, 11, 0, 0, 56, 11, 36, 2, 0, 0, 5, 0]"] ;
0 -> 1 [labeldistance=2.5, labelangle=45, headlabel="True"] ;
3 [label="YearBuilt <= 49.5\ngini = 0.7947\nsamples = 266\nvalue = [0, 0, 0, 10, 12, 0, 23, 37, 2, 3, 0, 5, 104\n0, 11, 0, 0, 6, 11, 35, 2, 0, 0, 5, 0]"] ;
1 -> 3 ;
7 [label="SalePrice <= 104.5\ngini = 0.8445\nsamples = 72\nvalue = [0, 0, 0, 9, 2, 0, 17, 16, 1, 3, 0, 1, 3, 0\n0, 0, 0, 5, 11, 3, 0, 0, 0, 1, 0]"] ;
3 -> 7 ;
43 [label="MSZoning <= 1.0\ngini = 0.65\nsamples = 20\nvalue = [0, 0, 0, 1, 0, 0, 0, 11, 0, 3, 0, 0, 0, 0\n0, 0, 0, 2, 1, 2, 0, 0, 0, 0, 0]"] ;
7 -> 43 ;
69 [label="gini = 0.0\nsamples = 3\nvalue = [0, 0, 0, 0, 0, 0, 0, 0, 0, 3, 0, 0, 0, 0, 0\n0, 0, 0, 0, 0, 0, 0, 0, 0, 0]"] ;
43 -> 69 ;
70 [label="ExterCond <= 3.5\ngini = 0.5467\nsamples = 17\nvalue = [0, 0, 0, 1, 0, 0, 0, 11, 0, 0, 0, 0, 0, 0\n0, 0, 0, 2, 1, 2, 0, 0, 0, 0, 0]"] ;
43 -> 70 ;
79 [label="gini = 0.625\nsamples = 4\nvalue = [0, 0, 0, 1, 0, 0, 0, 0, 0, 0, 0, 0, 0, 0, 0\n0, 0, 0, 1, 2, 0, 0, 0, 0, 0]"] ;
70 -> 79 ;
80 [label="GarageYrBlt <= 19.5\ngini = 0.2604\nsamples = 13\nvalue = [0, 0, 0, 0, 0, 0, 0, 11, 0, 0, 0, 0, 0, 0\n0, 0, 0, 2, 0, 0, 0, 0, 0, 0, 0]"] ;
70 -> 80 ;
81 [label="gini = 0.0\nsamples = 2\nvalue = [0, 0, 0, 0, 0, 0, 0, 0, 0, 0, 0, 0, 0, 0, 0\n0, 0, 2, 0, 0, 0, 0, 0, 0, 0]"] ;
80 -> 81 ;
82 [label="gini = 0.0\nsamples = 11\nvalue = [0, 0, 0, 0, 0, 0, 0, 11, 0, 0, 0, 0, 0, 0\n0, 0, 0, 0, 0, 0, 0, 0, 0, 0, 0]"] ;
80 -> 82 ;
44 [label="Condition1 <= 0.5\ngini = 0.8136\nsamples = 52\nvalue = [0, 0, 0, 8, 2, 0, 17, 5, 1, 0, 0, 1, 3, 0\n0, 0, 0, 3, 10, 1, 0, 0, 0, 1, 0]"] ;
7 -> 44 ;
77 [label="gini = 0.0\nsamples = 3\nvalue = [0, 0, 0, 0, 0, 0, 0, 0, 0, 0, 0, 0, 3, 0, 0\n0, 0, 0, 0, 0, 0, 0, 0, 0, 0]"] ;
44 -> 77 ;
78 [label="Electrical <= 0.5\ngini = 0.7938\nsamples = 49\nvalue = [0, 0, 0, 8, 2, 0, 17, 5, 1, 0, 0, 1, 0, 0\n0, 0, 0, 3, 10, 1, 0, 0, 0, 1, 0]"] ;
44 -> 78 ;
105 [label="gini = 0.32\nsamples = 5\nvalue = [0, 0, 0, 4, 0, 0, 0, 0, 0, 0, 0, 0, 0, 0, 0\n0, 0, 0, 1, 0, 0, 0, 0, 0, 0]"] ;
78 -> 105 ;
106 [label="BsmtFullBath <= 0.5\ngini = 0.7789\nsamples = 44\nvalue = [0, 0, 0, 4, 2, 0, 17, 5, 1, 0, 0, 1, 0, 0\n0, 0, 0, 3, 9, 1, 0, 0, 0, 1, 0]"] ;
78 -> 106 ;
147 [label="FullBath <= 1.5\ngini = 0.6658\nsamples = 28\nvalue = [0, 0, 0, 1, 2, 0, 15, 1, 1, 0, 0, 0, 0, 0\n0, 0, 0, 2, 5, 1, 0, 0, 0, 0, 0]"] ;
106 -> 147 ;
149 [label="gini = 0.1653\nsamples = 11\nvalue = [0, 0, 0, 1, 0, 0, 10, 0, 0, 0, 0, 0, 0, 0\n0, 0, 0, 0, 0, 0, 0, 0, 0, 0, 0]"] ;
147 -> 149 ;
150 [label="2ndFlrSF <= 161.5\ngini = 0.7889\nsamples = 17\nvalue = [0, 0, 0, 0, 2, 0, 5, 1, 1, 0, 0, 0, 0, 0, 0\n0, 0, 2, 5, 1, 0, 0, 0, 0, 0]"] ;
147 -> 150 ;
151 [label="BsmtQual <= 3.5\ngini = 0.68\nsamples = 10\nvalue = [0, 0, 0, 0, 0, 0, 1, 0, 1, 0, 0, 0, 0, 0, 0\n0, 0, 2, 5, 1, 0, 0, 0, 0, 0]"] ;
150 -> 151 ;
193 [label="gini = 0.4444\nsamples = 3\nvalue = [0, 0, 0, 0, 0, 0, 0, 0, 1, 0, 0, 0, 0, 0, 0\n0, 0, 2, 0, 0, 0, 0, 0, 0, 0]"] ;
151 -> 193 ;
194 [label="gini = 0.449\nsamples = 7\nvalue = [0, 0, 0, 0, 0, 0, 1, 0, 0, 0, 0, 0, 0, 0, 0\n0, 0, 0, 5, 1, 0, 0, 0, 0, 0]"] ;
151 -> 194 ;
152 [label="LotArea <= 757.0\ngini = 0.5714\nsamples = 7\nvalue = [0, 0, 0, 0, 2, 0, 4, 1, 0, 0, 0, 0, 0, 0, 0\n0, 0, 0, 0, 0, 0, 0, 0, 0, 0]"] ;
150 -> 152 ;
153 [label="gini = 0.0\nsamples = 4\nvalue = [0, 0, 0, 0, 0, 0, 4, 0, 0, 0, 0, 0, 0, 0, 0\n0, 0, 0, 0, 0, 0, 0, 0, 0, 0]"] ;
152 -> 153 ;
154 [label="gini = 0.4444\nsamples = 3\nvalue = [0, 0, 0, 0, 2, 0, 0, 1, 0, 0, 0, 0, 0, 0, 0\n0, 0, 0, 0, 0, 0, 0, 0, 0, 0]"] ;
152 -> 154 ;
148 [label="LotConfig <= 2.0\ngini = 0.8125\nsamples = 16\nvalue = [0, 0, 0, 3, 0, 0, 2, 4, 0, 0, 0, 1, 0, 0, 0\n0, 0, 1, 4, 0, 0, 0, 0, 1, 0]"] ;
106 -> 148 ;
159 [label="gini = 0.0\nsamples = 3\nvalue = [0, 0, 0, 0, 0, 0, 0, 0, 0, 0, 0, 0, 0, 0, 0\n0, 0, 0, 3, 0, 0, 0, 0, 0, 0]"] ;
148 -> 159 ;
160 [label="GarageArea <= 23.0\ngini = 0.8047\nsamples = 13\nvalue = [0, 0, 0, 3, 0, 0, 2, 4, 0, 0, 0, 1, 0, 0, 0\n0, 0, 1, 1, 0, 0, 0, 0, 1, 0]"] ;
148 -> 160 ;
161 [label="gini = 0.0\nsamples = 4\nvalue = [0, 0, 0, 0, 0, 0, 0, 4, 0, 0, 0, 0, 0, 0, 0\n0, 0, 0, 0, 0, 0, 0, 0, 0, 0]"] ;
160 -> 161 ;
162 [label="gini = 0.7901\nsamples = 9\nvalue = [0, 0, 0, 3, 0, 0, 2, 0, 0, 0, 0, 1, 0, 0, 0\n0, 0, 1, 1, 0, 0, 0, 0, 1, 0]"] ;
160 -> 162 ;
8 [label="YearBuilt <= 61.5\ngini = 0.6822\nsamples = 194\nvalue = [0, 0, 0, 1, 10, 0, 6, 21, 1, 0, 0, 4, 101, 0\n11, 0, 0, 1, 0, 32, 2, 0, 0, 4, 0]"] ;
3 -> 8 ;
25 [label="LotArea <= 842.5\ngini = 0.586\nsamples = 94\nvalue = [0, 0, 0, 0, 6, 0, 6, 18, 1, 0, 0, 0, 57, 0\n0, 0, 0, 1, 0, 3, 1, 0, 0, 1, 0]"] ;
8 -> 25 ;
29 [label="SalePrice <= 139.0\ngini = 0.439\nsamples = 74\nvalue = [0, 0, 0, 0, 2, 0, 1, 16, 0, 0, 0, 0, 53, 0\n0, 0, 0, 1, 0, 0, 1, 0, 0, 0, 0]"] ;
25 -> 29 ;
33 [label="1stFlrSF <= 303.0\ngini = 0.5729\nsamples = 24\nvalue = [0, 0, 0, 0, 0, 0, 0, 12, 0, 0, 0, 0, 10, 0\n0, 0, 0, 1, 0, 0, 1, 0, 0, 0, 0]"] ;
29 -> 33 ;
127 [label="OverallQual <= 3.5\ngini = 0.5781\nsamples = 16\nvalue = [0, 0, 0, 0, 0, 0, 0, 5, 0, 0, 0, 0, 9, 0, 0\n0, 0, 1, 0, 0, 1, 0, 0, 0, 0]"] ;
33 -> 127 ;
129 [label="YearRemodAdd <= 1.0\ngini = 0.5312\nsamples = 8\nvalue = [0, 0, 0, 0, 0, 0, 0, 5, 0, 0, 0, 0, 2, 0, 0\n0, 0, 0, 0, 0, 1, 0, 0, 0, 0]"] ;
127 -> 129 ;
131 [label="gini = 0.4444\nsamples = 3\nvalue = [0, 0, 0, 0, 0, 0, 0, 0, 0, 0, 0, 0, 2, 0, 0\n0, 0, 0, 0, 0, 1, 0, 0, 0, 0]"] ;
129 -> 131 ;
132 [label="gini = 0.0\nsamples = 5\nvalue = [0, 0, 0, 0, 0, 0, 0, 5, 0, 0, 0, 0, 0, 0, 0\n0, 0, 0, 0, 0, 0, 0, 0, 0, 0]"] ;
129 -> 132 ;
130 [label="gini = 0.2188\nsamples = 8\nvalue = [0, 0, 0, 0, 0, 0, 0, 0, 0, 0, 0, 0, 7, 0, 0\n0, 0, 1, 0, 0, 0, 0, 0, 0, 0]"] ;
127 -> 130 ;
128 [label="gini = 0.2188\nsamples = 8\nvalue = [0, 0, 0, 0, 0, 0, 0, 7, 0, 0, 0, 0, 1, 0, 0\n0, 0, 0, 0, 0, 0, 0, 0, 0, 0]"] ;
33 -> 128 ;
34 [label="SalePrice <= 320.5\ngini = 0.252\nsamples = 50\nvalue = [0, 0, 0, 0, 2, 0, 1, 4, 0, 0, 0, 0, 43, 0\n0, 0, 0, 0, 0, 0, 0, 0, 0, 0, 0]"] ;
29 -> 34 ;
183 [label="BedroomAbvGr <= 3.5\ngini = 0.1927\nsamples = 48\nvalue = [0, 0, 0, 0, 1, 0, 1, 3, 0, 0, 0, 0, 43, 0\n0, 0, 0, 0, 0, 0, 0, 0, 0, 0, 0]"] ;
34 -> 183 ;
185 [label="gini = 0.0487\nsamples = 40\nvalue = [0, 0, 0, 0, 1, 0, 0, 0, 0, 0, 0, 0, 39, 0\n0, 0, 0, 0, 0, 0, 0, 0, 0, 0, 0]"] ;
183 -> 185 ;
186 [label="MasVnrType <= 2.0\ngini = 0.5938\nsamples = 8\nvalue = [0, 0, 0, 0, 0, 0, 1, 3, 0, 0, 0, 0, 4, 0, 0\n0, 0, 0, 0, 0, 0, 0, 0, 0, 0]"] ;
183 -> 186 ;
187 [label="gini = 0.0\nsamples = 4\nvalue = [0, 0, 0, 0, 0, 0, 0, 0, 0, 0, 0, 0, 4, 0, 0\n0, 0, 0, 0, 0, 0, 0, 0, 0, 0]"] ;
186 -> 187 ;
188 [label="gini = 0.375\nsamples = 4\nvalue = [0, 0, 0, 0, 0, 0, 1, 3, 0, 0, 0, 0, 0, 0, 0\n0, 0, 0, 0, 0, 0, 0, 0, 0, 0]"] ;
186 -> 188 ;
184 [label="gini = 0.5\nsamples = 2\nvalue = [0, 0, 0, 0, 1, 0, 0, 1, 0, 0, 0, 0, 0, 0, 0\n0, 0, 0, 0, 0, 0, 0, 0, 0, 0]"] ;
34 -> 184 ;
30 [label="2ndFlrSF <= 22.5\ngini = 0.82\nsamples = 20\nvalue = [0, 0, 0, 0, 4, 0, 5, 2, 1, 0, 0, 0, 4, 0, 0\n0, 0, 0, 0, 3, 0, 0, 0, 1, 0]"] ;
25 -> 30 ;
125 [label="OverallCond <= 5.5\ngini = 0.8028\nsamples = 17\nvalue = [0, 0, 0, 0, 1, 0, 5, 2, 1, 0, 0, 0, 4, 0, 0\n0, 0, 0, 0, 3, 0, 0, 0, 1, 0]"] ;
30 -> 125 ;
197 [label="gini = 0.8163\nsamples = 14\nvalue = [0, 0, 0, 0, 1, 0, 2, 2, 1, 0, 0, 0, 4, 0, 0\n0, 0, 0, 0, 3, 0, 0, 0, 1, 0]"] ;
125 -> 197 ;
198 [label="gini = 0.0\nsamples = 3\nvalue = [0, 0, 0, 0, 0, 0, 3, 0, 0, 0, 0, 0, 0, 0, 0\n0, 0, 0, 0, 0, 0, 0, 0, 0, 0]"] ;
125 -> 198 ;
126 [label="gini = 0.0\nsamples = 3\nvalue = [0, 0, 0, 0, 3, 0, 0, 0, 0, 0, 0, 0, 0, 0, 0\n0, 0, 0, 0, 0, 0, 0, 0, 0, 0]"] ;
30 -> 126 ;
26 [label="OverallQual <= 4.5\ngini = 0.705\nsamples = 100\nvalue = [0, 0, 0, 1, 4, 0, 0, 3, 0, 0, 0, 4, 44, 0\n11, 0, 0, 0, 0, 29, 1, 0, 0, 3, 0]"] ;
8 -> 26 ;
27 [label="YearBuilt <= 69.5\ngini = 0.6872\nsamples = 60\nvalue = [0, 0, 0, 1, 2, 0, 0, 3, 0, 0, 0, 4, 19, 0\n1, 0, 0, 0, 0, 27, 1, 0, 0, 2, 0]"] ;
26 -> 27 ;
51 [label="LotArea <= 975.5\ngini = 0.6292\nsamples = 47\nvalue = [0, 0, 0, 0, 2, 0, 0, 3, 0, 0, 0, 2, 11, 0\n0, 0, 0, 0, 0, 26, 1, 0, 0, 2, 0]"] ;
27 -> 51 ;
53 [label="MoSold <= 5.5\ngini = 0.5199\nsamples = 41\nvalue = [0, 0, 0, 0, 0, 0, 0, 3, 0, 0, 0, 0, 11, 0\n0, 0, 0, 0, 0, 26, 1, 0, 0, 0, 0]"] ;
51 -> 53 ;
71 [label="Exterior1st <= 12.5\ngini = 0.3507\nsamples = 24\nvalue = [0, 0, 0, 0, 0, 0, 0, 3, 0, 0, 0, 0, 2, 0, 0\n0, 0, 0, 0, 19, 0, 0, 0, 0, 0]"] ;
53 -> 71 ;
93 [label="gini = 0.2355\nsamples = 22\nvalue = [0, 0, 0, 0, 0, 0, 0, 3, 0, 0, 0, 0, 0, 0, 0\n0, 0, 0, 0, 19, 0, 0, 0, 0, 0]"] ;
71 -> 93 ;
94 [label="gini = 0.0\nsamples = 2\nvalue = [0, 0, 0, 0, 0, 0, 0, 0, 0, 0, 0, 0, 2, 0, 0\n0, 0, 0, 0, 0, 0, 0, 0, 0, 0]"] ;
71 -> 94 ;
72 [label="HeatingQC <= 3.0\ngini = 0.5467\nsamples = 17\nvalue = [0, 0, 0, 0, 0, 0, 0, 0, 0, 0, 0, 0, 9, 0, 0\n0, 0, 0, 0, 7, 1, 0, 0, 0, 0]"] ;
53 -> 72 ;
97 [label="gini = 0.2188\nsamples = 8\nvalue = [0, 0, 0, 0, 0, 0, 0, 0, 0, 0, 0, 0, 7, 0, 0\n0, 0, 0, 0, 1, 0, 0, 0, 0, 0]"] ;
72 -> 97 ;
98 [label="BsmtUnfSF <= 252.0\ngini = 0.4938\nsamples = 9\nvalue = [0, 0, 0, 0, 0, 0, 0, 0, 0, 0, 0, 0, 2, 0, 0\n0, 0, 0, 0, 6, 1, 0, 0, 0, 0]"] ;
72 -> 98 ;
141 [label="gini = 0.2449\nsamples = 7\nvalue = [0, 0, 0, 0, 0, 0, 0, 0, 0, 0, 0, 0, 0, 0, 0\n0, 0, 0, 0, 6, 1, 0, 0, 0, 0]"] ;
98 -> 141 ;
142 [label="gini = 0.0\nsamples = 2\nvalue = [0, 0, 0, 0, 0, 0, 0, 0, 0, 0, 0, 0, 2, 0, 0\n0, 0, 0, 0, 0, 0, 0, 0, 0, 0]"] ;
98 -> 142 ;
54 [label="gini = 0.6667\nsamples = 6\nvalue = [0, 0, 0, 0, 2, 0, 0, 0, 0, 0, 0, 2, 0, 0, 0\n0, 0, 0, 0, 0, 0, 0, 0, 2, 0]"] ;
51 -> 54 ;
52 [label="BsmtUnfSF <= 110.0\ngini = 0.5799\nsamples = 13\nvalue = [0, 0, 0, 1, 0, 0, 0, 0, 0, 0, 0, 2, 8, 0, 1\n0, 0, 0, 0, 1, 0, 0, 0, 0, 0]"] ;
27 -> 52 ;
59 [label="gini = 0.72\nsamples = 5\nvalue = [0, 0, 0, 1, 0, 0, 0, 0, 0, 0, 0, 2, 0, 0, 1\n0, 0, 0, 0, 1, 0, 0, 0, 0, 0]"] ;
52 -> 59 ;
60 [label="gini = 0.0\nsamples = 8\nvalue = [0, 0, 0, 0, 0, 0, 0, 0, 0, 0, 0, 0, 8, 0, 0\n0, 0, 0, 0, 0, 0, 0, 0, 0, 0]"] ;
52 -> 60 ;
28 [label="GarageYrBlt <= 52.5\ngini = 0.5412\nsamples = 40\nvalue = [0, 0, 0, 0, 2, 0, 0, 0, 0, 0, 0, 0, 25, 0\n10, 0, 0, 0, 0, 2, 0, 0, 0, 1, 0]"] ;
26 -> 28 ;
41 [label="BsmtFinSF1 <= 407.0\ngini = 0.185\nsamples = 20\nvalue = [0, 0, 0, 0, 0, 0, 0, 0, 0, 0, 0, 0, 18, 0\n0, 0, 0, 0, 0, 1, 0, 0, 0, 1, 0]"] ;
28 -> 41 ;
143 [label="gini = 0.0\nsamples = 18\nvalue = [0, 0, 0, 0, 0, 0, 0, 0, 0, 0, 0, 0, 18, 0\n0, 0, 0, 0, 0, 0, 0, 0, 0, 0, 0]"] ;
41 -> 143 ;
144 [label="gini = 0.5\nsamples = 2\nvalue = [0, 0, 0, 0, 0, 0, 0, 0, 0, 0, 0, 0, 0, 0, 0\n0, 0, 0, 0, 1, 0, 0, 0, 1, 0]"] ;
41 -> 144 ;
42 [label="MasVnrType <= 2.0\ngini = 0.615\nsamples = 20\nvalue = [0, 0, 0, 0, 2, 0, 0, 0, 0, 0, 0, 0, 7, 0\n10, 0, 0, 0, 0, 1, 0, 0, 0, 0, 0]"] ;
28 -> 42 ;
95 [label="gini = 0.34\nsamples = 10\nvalue = [0, 0, 0, 0, 1, 0, 0, 0, 0, 0, 0, 0, 1, 0, 8\n0, 0, 0, 0, 0, 0, 0, 0, 0, 0]"] ;
42 -> 95 ;
96 [label="BsmtFinType1 <= 4.0\ngini = 0.58\nsamples = 10\nvalue = [0, 0, 0, 0, 1, 0, 0, 0, 0, 0, 0, 0, 6, 0, 2\n0, 0, 0, 0, 1, 0, 0, 0, 0, 0]"] ;
42 -> 96 ;
157 [label="1stFlrSF <= 242.5\ngini = 0.4062\nsamples = 8\nvalue = [0, 0, 0, 0, 1, 0, 0, 0, 0, 0, 0, 0, 6, 0, 0\n0, 0, 0, 0, 1, 0, 0, 0, 0, 0]"] ;
96 -> 157 ;
195 [label="gini = 0.5\nsamples = 2\nvalue = [0, 0, 0, 0, 1, 0, 0, 0, 0, 0, 0, 0, 0, 0, 0\n0, 0, 0, 0, 1, 0, 0, 0, 0, 0]"] ;
157 -> 195 ;
196 [label="gini = 0.0\nsamples = 6\nvalue = [0, 0, 0, 0, 0, 0, 0, 0, 0, 0, 0, 0, 6, 0, 0\n0, 0, 0, 0, 0, 0, 0, 0, 0, 0]"] ;
157 -> 196 ;
158 [label="gini = 0.0\nsamples = 2\nvalue = [0, 0, 0, 0, 0, 0, 0, 0, 0, 0, 0, 0, 0, 0, 2\n0, 0, 0, 0, 0, 0, 0, 0, 0, 0]"] ;
96 -> 158 ;
4 [label="YearBuilt <= 22.0\ngini = 0.6063\nsamples = 86\nvalue = [0, 0, 5, 16, 0, 0, 0, 0, 0, 11, 3, 0, 0, 0\n0, 0, 0, 50, 0, 1, 0, 0, 0, 0, 0]"] ;
1 -> 4 ;
21 [label="gini = 0.0713\nsamples = 27\nvalue = [0, 0, 0, 0, 0, 0, 0, 0, 0, 1, 0, 0, 0, 0, 0\n0, 0, 26, 0, 0, 0, 0, 0, 0, 0]"] ;
4 -> 21 ;
22 [label="LotArea <= 37.0\ngini = 0.7222\nsamples = 59\nvalue = [0, 0, 5, 16, 0, 0, 0, 0, 0, 10, 3, 0, 0, 0\n0, 0, 0, 24, 0, 1, 0, 0, 0, 0, 0]"] ;
4 -> 22 ;
31 [label="MasVnrArea <= 14.5\ngini = 0.4688\nsamples = 8\nvalue = [0, 0, 5, 0, 0, 0, 0, 0, 0, 0, 3, 0, 0, 0, 0\n0, 0, 0, 0, 0, 0, 0, 0, 0, 0]"] ;
22 -> 31 ;
65 [label="gini = 0.0\nsamples = 3\nvalue = [0, 0, 0, 0, 0, 0, 0, 0, 0, 0, 3, 0, 0, 0, 0\n0, 0, 0, 0, 0, 0, 0, 0, 0, 0]"] ;
31 -> 65 ;
66 [label="gini = 0.0\nsamples = 5\nvalue = [0, 0, 5, 0, 0, 0, 0, 0, 0, 0, 0, 0, 0, 0, 0\n0, 0, 0, 0, 0, 0, 0, 0, 0, 0]"] ;
31 -> 66 ;
32 [label="Foundation <= 0.5\ngini = 0.6413\nsamples = 51\nvalue = [0, 0, 0, 16, 0, 0, 0, 0, 0, 10, 0, 0, 0, 0\n0, 0, 0, 24, 0, 1, 0, 0, 0, 0, 0]"] ;
22 -> 32 ;
85 [label="2ndFlrSF <= 122.0\ngini = 0.6016\nsamples = 25\nvalue = [0, 0, 0, 13, 0, 0, 0, 0, 0, 4, 0, 0, 0, 0\n0, 0, 0, 8, 0, 0, 0, 0, 0, 0, 0]"] ;
32 -> 85 ;
87 [label="LotArea <= 133.5\ngini = 0.4765\nsamples = 19\nvalue = [0, 0, 0, 13, 0, 0, 0, 0, 0, 4, 0, 0, 0, 0\n0, 0, 0, 2, 0, 0, 0, 0, 0, 0, 0]"] ;
85 -> 87 ;
89 [label="GarageArea <= 129.0\ngini = 0.48\nsamples = 5\nvalue = [0, 0, 0, 0, 0, 0, 0, 0, 0, 3, 0, 0, 0, 0, 0\n0, 0, 2, 0, 0, 0, 0, 0, 0, 0]"] ;
87 -> 89 ;
167 [label="gini = 0.0\nsamples = 3\nvalue = [0, 0, 0, 0, 0, 0, 0, 0, 0, 3, 0, 0, 0, 0, 0\n0, 0, 0, 0, 0, 0, 0, 0, 0, 0]"] ;
89 -> 167 ;
168 [label="gini = 0.0\nsamples = 2\nvalue = [0, 0, 0, 0, 0, 0, 0, 0, 0, 0, 0, 0, 0, 0, 0\n0, 0, 2, 0, 0, 0, 0, 0, 0, 0]"] ;
89 -> 168 ;
90 [label="gini = 0.1327\nsamples = 14\nvalue = [0, 0, 0, 13, 0, 0, 0, 0, 0, 1, 0, 0, 0, 0\n0, 0, 0, 0, 0, 0, 0, 0, 0, 0, 0]"] ;
87 -> 90 ;
88 [label="gini = 0.0\nsamples = 6\nvalue = [0, 0, 0, 0, 0, 0, 0, 0, 0, 0, 0, 0, 0, 0, 0\n0, 0, 6, 0, 0, 0, 0, 0, 0, 0]"] ;
85 -> 88 ;
86 [label="EnclosedPorch <= 73.5\ngini = 0.5533\nsamples = 26\nvalue = [0, 0, 0, 3, 0, 0, 0, 0, 0, 6, 0, 0, 0, 0, 0\n0, 0, 16, 0, 1, 0, 0, 0, 0, 0]"] ;
32 -> 86 ;
91 [label="FullBath <= 1.5\ngini = 0.4802\nsamples = 23\nvalue = [0, 0, 0, 3, 0, 0, 0, 0, 0, 3, 0, 0, 0, 0, 0\n0, 0, 16, 0, 1, 0, 0, 0, 0, 0]"] ;
86 -> 91 ;
101 [label="gini = 0.2145\nsamples = 17\nvalue = [0, 0, 0, 1, 0, 0, 0, 0, 0, 1, 0, 0, 0, 0, 0\n0, 0, 15, 0, 0, 0, 0, 0, 0, 0]"] ;
91 -> 101 ;
102 [label="gini = 0.7222\nsamples = 6\nvalue = [0, 0, 0, 2, 0, 0, 0, 0, 0, 2, 0, 0, 0, 0, 0\n0, 0, 1, 0, 1, 0, 0, 0, 0, 0]"] ;
91 -> 102 ;
92 [label="gini = 0.0\nsamples = 3\nvalue = [0, 0, 0, 0, 0, 0, 0, 0, 0, 3, 0, 0, 0, 0, 0\n0, 0, 0, 0, 0, 0, 0, 0, 0, 0]"] ;
86 -> 92 ;
2 [label="MSZoning <= 2.0\ngini = 0.9033\nsamples = 376\nvalue = [11, 1, 4, 0, 4, 80, 2, 12, 33, 0, 4, 15, 5, 2\n27, 18, 37, 2, 0, 8, 33, 38, 16, 17, 7]"] ;
0 -> 2 [labeldistance=2.5, labelangle=-45, headlabel="False"] ;
5 [label="gini = 0.0\nsamples = 31\nvalue = [0, 0, 0, 0, 0, 0, 0, 0, 0, 0, 0, 0, 0, 0, 0\n0, 0, 0, 0, 0, 0, 31, 0, 0, 0]"] ;
2 -> 5 ;
6 [label="GarageYrBlt <= 79.5\ngini = 0.8968\nsamples = 345\nvalue = [11, 1, 4, 0, 4, 80, 2, 12, 33, 0, 4, 15, 5, 2\n27, 18, 37, 2, 0, 8, 33, 7, 16, 17, 7]"] ;
2 -> 6 ;
9 [label="YearBuilt <= 89.5\ngini = 0.8913\nsamples = 118\nvalue = [0, 1, 4, 0, 3, 8, 1, 3, 2, 0, 4, 9, 4, 2\n26, 4, 0, 1, 0, 7, 21, 0, 6, 5, 7]"] ;
6 -> 9 ;
23 [label="SalePrice <= 309.5\ngini = 0.8834\nsamples = 97\nvalue = [0, 1, 4, 0, 3, 8, 1, 3, 0, 0, 4, 9, 4, 2\n26, 0, 0, 1, 0, 7, 8, 0, 5, 4, 7]"] ;
9 -> 23 ;
35 [label="GrLivArea <= 103.0\ngini = 0.8997\nsamples = 51\nvalue = [0, 1, 4, 0, 0, 8, 0, 3, 0, 0, 4, 8, 2, 2, 4\n0, 0, 1, 0, 6, 5, 0, 1, 0, 2]"] ;
23 -> 35 ;
47 [label="YearBuilt <= 78.5\ngini = 0.64\nsamples = 15\nvalue = [0, 0, 0, 0, 0, 8, 0, 0, 0, 0, 0, 2, 2, 0, 0\n0, 0, 0, 0, 0, 3, 0, 0, 0, 0]"] ;
35 -> 47 ;
49 [label="gini = 0.1975\nsamples = 9\nvalue = [0, 0, 0, 0, 0, 8, 0, 0, 0, 0, 0, 0, 1, 0, 0\n0, 0, 0, 0, 0, 0, 0, 0, 0, 0]"] ;
47 -> 49 ;
50 [label="YrSold <= 3.0\ngini = 0.6111\nsamples = 6\nvalue = [0, 0, 0, 0, 0, 0, 0, 0, 0, 0, 0, 2, 1, 0, 0\n0, 0, 0, 0, 0, 3, 0, 0, 0, 0]"] ;
47 -> 50 ;
189 [label="gini = 0.4444\nsamples = 3\nvalue = [0, 0, 0, 0, 0, 0, 0, 0, 0, 0, 0, 2, 1, 0, 0\n0, 0, 0, 0, 0, 0, 0, 0, 0, 0]"] ;
50 -> 189 ;
190 [label="gini = 0.0\nsamples = 3\nvalue = [0, 0, 0, 0, 0, 0, 0, 0, 0, 0, 0, 0, 0, 0, 0\n0, 0, 0, 0, 0, 3, 0, 0, 0, 0]"] ;
50 -> 190 ;
48 [label="MSZoning <= 3.5\ngini = 0.8889\nsamples = 36\nvalue = [0, 1, 4, 0, 0, 0, 0, 3, 0, 0, 4, 6, 0, 2, 4\n0, 0, 1, 0, 6, 2, 0, 1, 0, 2]"] ;
35 -> 48 ;
63 [label="OpenPorchSF <= 69.5\ngini = 0.8477\nsamples = 27\nvalue = [0, 0, 0, 0, 0, 0, 0, 3, 0, 0, 0, 6, 0, 2, 4\n0, 0, 1, 0, 6, 2, 0, 1, 0, 2]"] ;
48 -> 63 ;
107 [label="TotalBsmtSF <= 235.0\ngini = 0.8333\nsamples = 24\nvalue = [0, 0, 0, 0, 0, 0, 0, 3, 0, 0, 0, 6, 0, 2, 1\n0, 0, 1, 0, 6, 2, 0, 1, 0, 2]"] ;
63 -> 107 ;
109 [label="BldgType <= 1.0\ngini = 0.5312\nsamples = 8\nvalue = [0, 0, 0, 0, 0, 0, 0, 0, 0, 0, 0, 0, 0, 1, 0\n0, 0, 0, 0, 5, 2, 0, 0, 0, 0]"] ;
107 -> 109 ;
111 [label="gini = 0.0\nsamples = 5\nvalue = [0, 0, 0, 0, 0, 0, 0, 0, 0, 0, 0, 0, 0, 0, 0\n0, 0, 0, 0, 5, 0, 0, 0, 0, 0]"] ;
109 -> 111 ;
112 [label="gini = 0.4444\nsamples = 3\nvalue = [0, 0, 0, 0, 0, 0, 0, 0, 0, 0, 0, 0, 0, 1, 0\n0, 0, 0, 0, 0, 2, 0, 0, 0, 0]"] ;
109 -> 112 ;
110 [label="BsmtFinType1 <= 1.5\ngini = 0.7891\nsamples = 16\nvalue = [0, 0, 0, 0, 0, 0, 0, 3, 0, 0, 0, 6, 0, 1, 1\n0, 0, 1, 0, 1, 0, 0, 1, 0, 2]"] ;
107 -> 110 ;
177 [label="YearRemodAdd <= 26.5\ngini = 0.7901\nsamples = 9\nvalue = [0, 0, 0, 0, 0, 0, 0, 3, 0, 0, 0, 1, 0, 1, 1\n0, 0, 0, 0, 1, 0, 0, 0, 0, 2]"] ;
110 -> 177 ;
179 [label="gini = 0.0\nsamples = 3\nvalue = [0, 0, 0, 0, 0, 0, 0, 3, 0, 0, 0, 0, 0, 0, 0\n0, 0, 0, 0, 0, 0, 0, 0, 0, 0]"] ;
177 -> 179 ;
180 [label="gini = 0.7778\nsamples = 6\nvalue = [0, 0, 0, 0, 0, 0, 0, 0, 0, 0, 0, 1, 0, 1, 1\n0, 0, 0, 0, 1, 0, 0, 0, 0, 2]"] ;
177 -> 180 ;
178 [label="gini = 0.449\nsamples = 7\nvalue = [0, 0, 0, 0, 0, 0, 0, 0, 0, 0, 0, 5, 0, 0, 0\n0, 0, 1, 0, 0, 0, 0, 1, 0, 0]"] ;
110 -> 178 ;
108 [label="gini = 0.0\nsamples = 3\nvalue = [0, 0, 0, 0, 0, 0, 0, 0, 0, 0, 0, 0, 0, 0, 3\n0, 0, 0, 0, 0, 0, 0, 0, 0, 0]"] ;
63 -> 108 ;
64 [label="BldgType <= 3.5\ngini = 0.5926\nsamples = 9\nvalue = [0, 1, 4, 0, 0, 0, 0, 0, 0, 0, 4, 0, 0, 0, 0\n0, 0, 0, 0, 0, 0, 0, 0, 0, 0]"] ;
48 -> 64 ;
67 [label="gini = 0.0\nsamples = 4\nvalue = [0, 0, 4, 0, 0, 0, 0, 0, 0, 0, 0, 0, 0, 0, 0\n0, 0, 0, 0, 0, 0, 0, 0, 0, 0]"] ;
64 -> 67 ;
68 [label="gini = 0.32\nsamples = 5\nvalue = [0, 1, 0, 0, 0, 0, 0, 0, 0, 0, 4, 0, 0, 0, 0\n0, 0, 0, 0, 0, 0, 0, 0, 0, 0]"] ;
64 -> 68 ;
36 [label="LotArea <= 192.0\ngini = 0.7325\nsamples = 46\nvalue = [0, 0, 0, 0, 3, 0, 1, 0, 0, 0, 0, 1, 2, 0\n22, 0, 0, 0, 0, 1, 3, 0, 4, 4, 5]"] ;
23 -> 36 ;
45 [label="gini = 0.0\nsamples = 4\nvalue = [0, 0, 0, 0, 0, 0, 0, 0, 0, 0, 0, 0, 0, 0, 0\n0, 0, 0, 0, 0, 0, 0, 4, 0, 0]"] ;
36 -> 45 ;
46 [label="Condition1 <= 1.5\ngini = 0.6882\nsamples = 42\nvalue = [0, 0, 0, 0, 3, 0, 1, 0, 0, 0, 0, 1, 2, 0\n22, 0, 0, 0, 0, 1, 3, 0, 0, 4, 5]"] ;
36 -> 46 ;
83 [label="gini = 0.375\nsamples = 4\nvalue = [0, 0, 0, 0, 0, 0, 0, 0, 0, 0, 0, 0, 0, 0, 0\n0, 0, 0, 0, 1, 0, 0, 0, 0, 3]"] ;
46 -> 83 ;
84 [label="BedroomAbvGr <= 2.5\ngini = 0.6343\nsamples = 38\nvalue = [0, 0, 0, 0, 3, 0, 1, 0, 0, 0, 0, 1, 2, 0\n22, 0, 0, 0, 0, 0, 3, 0, 0, 4, 2]"] ;
46 -> 84 ;
103 [label="gini = 0.5\nsamples = 4\nvalue = [0, 0, 0, 0, 2, 0, 0, 0, 0, 0, 0, 0, 0, 0, 0\n0, 0, 0, 0, 0, 0, 0, 0, 2, 0]"] ;
84 -> 103 ;
104 [label="GarageYrBlt <= 69.0\ngini = 0.5606\nsamples = 34\nvalue = [0, 0, 0, 0, 1, 0, 1, 0, 0, 0, 0, 1, 2, 0\n22, 0, 0, 0, 0, 0, 3, 0, 0, 2, 2]"] ;
84 -> 104 ;
113 [label="YearRemodAdd <= 51.5\ngini = 0.3576\nsamples = 24\nvalue = [0, 0, 0, 0, 0, 0, 0, 0, 0, 0, 0, 1, 2, 0\n19, 0, 0, 0, 0, 0, 0, 0, 0, 0, 2]"] ;
104 -> 113 ;
173 [label="BsmtFinSF1 <= 582.5\ngini = 0.185\nsamples = 20\nvalue = [0, 0, 0, 0, 0, 0, 0, 0, 0, 0, 0, 1, 1, 0\n18, 0, 0, 0, 0, 0, 0, 0, 0, 0, 0]"] ;
113 -> 173 ;
175 [label="gini = 0.0\nsamples = 18\nvalue = [0, 0, 0, 0, 0, 0, 0, 0, 0, 0, 0, 0, 0, 0\n18, 0, 0, 0, 0, 0, 0, 0, 0, 0, 0]"] ;
173 -> 175 ;
176 [label="gini = 0.5\nsamples = 2\nvalue = [0, 0, 0, 0, 0, 0, 0, 0, 0, 0, 0, 1, 1, 0, 0\n0, 0, 0, 0, 0, 0, 0, 0, 0, 0]"] ;
173 -> 176 ;
174 [label="gini = 0.625\nsamples = 4\nvalue = [0, 0, 0, 0, 0, 0, 0, 0, 0, 0, 0, 0, 1, 0, 1\n0, 0, 0, 0, 0, 0, 0, 0, 0, 2]"] ;
113 -> 174 ;
114 [label="GarageArea <= 170.0\ngini = 0.76\nsamples = 10\nvalue = [0, 0, 0, 0, 1, 0, 1, 0, 0, 0, 0, 0, 0, 0, 3\n0, 0, 0, 0, 0, 3, 0, 0, 2, 0]"] ;
104 -> 114 ;
139 [label="gini = 0.0\nsamples = 3\nvalue = [0, 0, 0, 0, 0, 0, 0, 0, 0, 0, 0, 0, 0, 0, 0\n0, 0, 0, 0, 0, 3, 0, 0, 0, 0]"] ;
114 -> 139 ;
140 [label="OverallQual <= 5.5\ngini = 0.6939\nsamples = 7\nvalue = [0, 0, 0, 0, 1, 0, 1, 0, 0, 0, 0, 0, 0, 0, 3\n0, 0, 0, 0, 0, 0, 0, 0, 2, 0]"] ;
114 -> 140 ;
181 [label="gini = 0.625\nsamples = 4\nvalue = [0, 0, 0, 0, 1, 0, 1, 0, 0, 0, 0, 0, 0, 0, 0\n0, 0, 0, 0, 0, 0, 0, 0, 2, 0]"] ;
140 -> 181 ;
182 [label="gini = 0.0\nsamples = 3\nvalue = [0, 0, 0, 0, 0, 0, 0, 0, 0, 0, 0, 0, 0, 0, 3\n0, 0, 0, 0, 0, 0, 0, 0, 0, 0]"] ;
140 -> 182 ;
24 [label="1stFlrSF <= 99.0\ngini = 0.5669\nsamples = 21\nvalue = [0, 0, 0, 0, 0, 0, 0, 0, 2, 0, 0, 0, 0, 0, 0\n4, 0, 0, 0, 0, 13, 0, 1, 1, 0]"] ;
9 -> 24 ;
135 [label="gini = 0.0\nsamples = 2\nvalue = [0, 0, 0, 0, 0, 0, 0, 0, 2, 0, 0, 0, 0, 0, 0\n0, 0, 0, 0, 0, 0, 0, 0, 0, 0]"] ;
24 -> 135 ;
136 [label="GrLivArea <= 732.0\ngini = 0.482\nsamples = 19\nvalue = [0, 0, 0, 0, 0, 0, 0, 0, 0, 0, 0, 0, 0, 0, 0\n4, 0, 0, 0, 0, 13, 0, 1, 1, 0]"] ;
24 -> 136 ;
137 [label="gini = 0.2551\nsamples = 14\nvalue = [0, 0, 0, 0, 0, 0, 0, 0, 0, 0, 0, 0, 0, 0, 0\n1, 0, 0, 0, 0, 12, 0, 1, 0, 0]"] ;
136 -> 137 ;
138 [label="gini = 0.56\nsamples = 5\nvalue = [0, 0, 0, 0, 0, 0, 0, 0, 0, 0, 0, 0, 0, 0, 0\n3, 0, 0, 0, 0, 1, 0, 0, 1, 0]"] ;
136 -> 138 ;
10 [label="SalePrice <= 481.5\ngini = 0.8372\nsamples = 227\nvalue = [11, 0, 0, 0, 1, 72, 1, 9, 31, 0, 0, 6, 1, 0\n1, 14, 37, 1, 0, 1, 12, 7, 10, 12, 0]"] ;
6 -> 10 ;
11 [label="GarageArea <= 162.0\ngini = 0.762\nsamples = 144\nvalue = [9, 0, 0, 0, 0, 61, 1, 8, 29, 0, 0, 5, 1, 0\n1, 0, 7, 1, 0, 1, 11, 3, 2, 4, 0]"] ;
10 -> 11 ;
15 [label="HalfBath <= 0.5\ngini = 0.7782\nsamples = 65\nvalue = [8, 0, 0, 0, 0, 13, 0, 7, 25, 0, 0, 3, 1, 0\n0, 0, 3, 0, 0, 0, 3, 1, 0, 1, 0]"] ;
11 -> 15 ;
17 [label="GrLivArea <= 136.5\ngini = 0.7715\nsamples = 32\nvalue = [8, 0, 0, 0, 0, 11, 0, 6, 0, 0, 0, 3, 0, 0\n0, 0, 1, 0, 0, 0, 1, 1, 0, 1, 0]"] ;
15 -> 17 ;
19 [label="gini = 0.0\nsamples = 11\nvalue = [0, 0, 0, 0, 0, 11, 0, 0, 0, 0, 0, 0, 0, 0\n0, 0, 0, 0, 0, 0, 0, 0, 0, 0, 0]"] ;
17 -> 19 ;
20 [label="OpenPorchSF <= 11.0\ngini = 0.7438\nsamples = 21\nvalue = [8, 0, 0, 0, 0, 0, 0, 6, 0, 0, 0, 3, 0, 0, 0\n0, 1, 0, 0, 0, 1, 1, 0, 1, 0]"] ;
17 -> 20 ;
39 [label="gini = 0.1975\nsamples = 9\nvalue = [8, 0, 0, 0, 0, 0, 0, 0, 0, 0, 0, 0, 0, 0, 0\n0, 0, 0, 0, 0, 1, 0, 0, 0, 0]"] ;
20 -> 39 ;
40 [label="MoSold <= 3.5\ngini = 0.6667\nsamples = 12\nvalue = [0, 0, 0, 0, 0, 0, 0, 6, 0, 0, 0, 3, 0, 0, 0\n0, 1, 0, 0, 0, 0, 1, 0, 1, 0]"] ;
20 -> 40 ;
121 [label="gini = 0.0\nsamples = 5\nvalue = [0, 0, 0, 0, 0, 0, 0, 5, 0, 0, 0, 0, 0, 0, 0\n0, 0, 0, 0, 0, 0, 0, 0, 0, 0]"] ;
40 -> 121 ;
122 [label="gini = 0.7347\nsamples = 7\nvalue = [0, 0, 0, 0, 0, 0, 0, 1, 0, 0, 0, 3, 0, 0, 0\n0, 1, 0, 0, 0, 0, 1, 0, 1, 0]"] ;
40 -> 122 ;
18 [label="SalePrice <= 288.0\ngini = 0.4132\nsamples = 33\nvalue = [0, 0, 0, 0, 0, 2, 0, 1, 25, 0, 0, 0, 1, 0\n0, 0, 2, 0, 0, 0, 2, 0, 0, 0, 0]"] ;
15 -> 18 ;
73 [label="gini = 0.7778\nsamples = 6\nvalue = [0, 0, 0, 0, 0, 2, 0, 1, 1, 0, 0, 0, 1, 0, 0\n0, 1, 0, 0, 0, 0, 0, 0, 0, 0]"] ;
18 -> 73 ;
74 [label="OpenPorchSF <= 71.5\ngini = 0.203\nsamples = 27\nvalue = [0, 0, 0, 0, 0, 0, 0, 0, 24, 0, 0, 0, 0, 0\n0, 0, 1, 0, 0, 0, 2, 0, 0, 0, 0]"] ;
18 -> 74 ;
75 [label="gini = 0.0768\nsamples = 25\nvalue = [0, 0, 0, 0, 0, 0, 0, 0, 24, 0, 0, 0, 0, 0\n0, 0, 1, 0, 0, 0, 0, 0, 0, 0, 0]"] ;
74 -> 75 ;
76 [label="gini = 0.0\nsamples = 2\nvalue = [0, 0, 0, 0, 0, 0, 0, 0, 0, 0, 0, 0, 0, 0, 0\n0, 0, 0, 0, 0, 2, 0, 0, 0, 0]"] ;
74 -> 76 ;
16 [label="MSSubClass <= 10.0\ngini = 0.6111\nsamples = 79\nvalue = [1, 0, 0, 0, 0, 48, 1, 1, 4, 0, 0, 2, 0, 0\n1, 0, 4, 1, 0, 1, 8, 2, 2, 3, 0]"] ;
11 -> 16 ;
55 [label="GarageType <= 2.0\ngini = 0.5479\nsamples = 73\nvalue = [0, 0, 0, 0, 0, 48, 0, 1, 4, 0, 0, 2, 0, 0\n1, 0, 2, 1, 0, 1, 8, 2, 0, 3, 0]"] ;
16 -> 55 ;
57 [label="LandContour <= 2.5\ngini = 0.4085\nsamples = 59\nvalue = [0, 0, 0, 0, 0, 45, 0, 0, 2, 0, 0, 1, 0, 0\n1, 0, 2, 0, 0, 0, 4, 2, 0, 2, 0]"] ;
55 -> 57 ;
61 [label="gini = 0.625\nsamples = 4\nvalue = [0, 0, 0, 0, 0, 0, 0, 0, 1, 0, 0, 0, 0, 0, 0\n0, 0, 0, 0, 0, 1, 0, 0, 2, 0]"] ;
57 -> 61 ;
62 [label="BsmtUnfSF <= 683.0\ngini = 0.324\nsamples = 55\nvalue = [0, 0, 0, 0, 0, 45, 0, 0, 1, 0, 0, 1, 0, 0\n1, 0, 2, 0, 0, 0, 3, 2, 0, 0, 0]"] ;
57 -> 62 ;
169 [label="gini = 0.1392\nsamples = 41\nvalue = [0, 0, 0, 0, 0, 38, 0, 0, 0, 0, 0, 0, 0, 0\n1, 0, 1, 0, 0, 0, 1, 0, 0, 0, 0]"] ;
62 -> 169 ;
170 [label="MoSold <= 3.5\ngini = 0.6939\nsamples = 14\nvalue = [0, 0, 0, 0, 0, 7, 0, 0, 1, 0, 0, 1, 0, 0, 0\n0, 1, 0, 0, 0, 2, 2, 0, 0, 0]"] ;
62 -> 170 ;
171 [label="gini = 0.72\nsamples = 5\nvalue = [0, 0, 0, 0, 0, 0, 0, 0, 0, 0, 0, 1, 0, 0, 0\n0, 1, 0, 0, 0, 1, 2, 0, 0, 0]"] ;
170 -> 171 ;
172 [label="TotalBsmtSF <= 515.5\ngini = 0.3704\nsamples = 9\nvalue = [0, 0, 0, 0, 0, 7, 0, 0, 1, 0, 0, 0, 0, 0, 0\n0, 0, 0, 0, 0, 1, 0, 0, 0, 0]"] ;
170 -> 172 ;
191 [label="gini = 0.5\nsamples = 2\nvalue = [0, 0, 0, 0, 0, 0, 0, 0, 1, 0, 0, 0, 0, 0, 0\n0, 0, 0, 0, 0, 1, 0, 0, 0, 0]"] ;
172 -> 191 ;
192 [label="gini = 0.0\nsamples = 7\nvalue = [0, 0, 0, 0, 0, 7, 0, 0, 0, 0, 0, 0, 0, 0, 0\n0, 0, 0, 0, 0, 0, 0, 0, 0, 0]"] ;
172 -> 192 ;
58 [label="YearRemodAdd <= 53.5\ngini = 0.8265\nsamples = 14\nvalue = [0, 0, 0, 0, 0, 3, 0, 1, 2, 0, 0, 1, 0, 0, 0\n0, 0, 1, 0, 1, 4, 0, 0, 1, 0]"] ;
55 -> 58 ;
145 [label="gini = 0.8148\nsamples = 9\nvalue = [0, 0, 0, 0, 0, 3, 0, 1, 1, 0, 0, 1, 0, 0, 0\n0, 0, 1, 0, 1, 0, 0, 0, 1, 0]"] ;
58 -> 145 ;
146 [label="gini = 0.32\nsamples = 5\nvalue = [0, 0, 0, 0, 0, 0, 0, 0, 1, 0, 0, 0, 0, 0, 0\n0, 0, 0, 0, 0, 4, 0, 0, 0, 0]"] ;
58 -> 146 ;
56 [label="gini = 0.7222\nsamples = 6\nvalue = [1, 0, 0, 0, 0, 0, 1, 0, 0, 0, 0, 0, 0, 0, 0\n0, 2, 0, 0, 0, 0, 0, 2, 0, 0]"] ;
16 -> 56 ;
12 [label="YearBuilt <= 101.5\ngini = 0.8007\nsamples = 83\nvalue = [2, 0, 0, 0, 1, 11, 0, 1, 2, 0, 0, 1, 0, 0\n0, 14, 30, 0, 0, 0, 1, 4, 8, 8, 0]"] ;
10 -> 12 ;
13 [label="MasVnrArea <= 133.0\ngini = 0.3765\nsamples = 18\nvalue = [0, 0, 0, 0, 1, 2, 0, 0, 0, 0, 0, 0, 0, 0, 0\n14, 0, 0, 0, 0, 0, 0, 1, 0, 0]"] ;
12 -> 13 ;
165 [label="gini = 0.7222\nsamples = 6\nvalue = [0, 0, 0, 0, 1, 2, 0, 0, 0, 0, 0, 0, 0, 0, 0\n2, 0, 0, 0, 0, 0, 0, 1, 0, 0]"] ;
13 -> 165 ;
166 [label="gini = 0.0\nsamples = 12\nvalue = [0, 0, 0, 0, 0, 0, 0, 0, 0, 0, 0, 0, 0, 0, 0\n12, 0, 0, 0, 0, 0, 0, 0, 0, 0]"] ;
13 -> 166 ;
14 [label="LotFrontage <= 64.0\ngini = 0.7347\nsamples = 65\nvalue = [2, 0, 0, 0, 0, 9, 0, 1, 2, 0, 0, 1, 0, 0, 0\n0, 30, 0, 0, 0, 1, 4, 7, 8, 0]"] ;
12 -> 14 ;
37 [label="SalePrice <= 583.5\ngini = 0.8275\nsamples = 44\nvalue = [2, 0, 0, 0, 0, 9, 0, 1, 1, 0, 0, 1, 0, 0, 0\n0, 12, 0, 0, 0, 1, 4, 6, 7, 0]"] ;
14 -> 37 ;
99 [label="FireplaceQu <= 2.5\ngini = 0.7984\nsamples = 27\nvalue = [2, 0, 0, 0, 0, 8, 0, 0, 0, 0, 0, 1, 0, 0, 0\n0, 5, 0, 0, 0, 1, 4, 0, 6, 0]"] ;
37 -> 99 ;
115 [label="BsmtExposure <= 1.5\ngini = 0.8129\nsamples = 23\nvalue = [2, 0, 0, 0, 0, 4, 0, 0, 0, 0, 0, 1, 0, 0, 0\n0, 5, 0, 0, 0, 1, 4, 0, 6, 0]"] ;
99 -> 115 ;
117 [label="LotArea <= 629.5\ngini = 0.6281\nsamples = 11\nvalue = [2, 0, 0, 0, 0, 2, 0, 0, 0, 0, 0, 0, 0, 0, 0\n0, 1, 0, 0, 0, 0, 0, 0, 6, 0]"] ;
115 -> 117 ;
155 [label="gini = 0.7222\nsamples = 6\nvalue = [2, 0, 0, 0, 0, 2, 0, 0, 0, 0, 0, 0, 0, 0, 0\n0, 1, 0, 0, 0, 0, 0, 0, 1, 0]"] ;
117 -> 155 ;
156 [label="gini = 0.0\nsamples = 5\nvalue = [0, 0, 0, 0, 0, 0, 0, 0, 0, 0, 0, 0, 0, 0, 0\n0, 0, 0, 0, 0, 0, 0, 0, 5, 0]"] ;
117 -> 156 ;
118 [label="GarageYrBlt <= 92.5\ngini = 0.7361\nsamples = 12\nvalue = [0, 0, 0, 0, 0, 2, 0, 0, 0, 0, 0, 1, 0, 0, 0\n0, 4, 0, 0, 0, 1, 4, 0, 0, 0]"] ;
115 -> 118 ;
119 [label="LotConfig <= 2.5\ngini = 0.6562\nsamples = 8\nvalue = [0, 0, 0, 0, 0, 2, 0, 0, 0, 0, 0, 1, 0, 0, 0\n0, 4, 0, 0, 0, 1, 0, 0, 0, 0]"] ;
118 -> 119 ;
133 [label="gini = 0.625\nsamples = 4\nvalue = [0, 0, 0, 0, 0, 2, 0, 0, 0, 0, 0, 1, 0, 0, 0\n0, 0, 0, 0, 0, 1, 0, 0, 0, 0]"] ;
119 -> 133 ;
134 [label="gini = 0.0\nsamples = 4\nvalue = [0, 0, 0, 0, 0, 0, 0, 0, 0, 0, 0, 0, 0, 0, 0\n0, 4, 0, 0, 0, 0, 0, 0, 0, 0]"] ;
119 -> 134 ;
120 [label="gini = 0.0\nsamples = 4\nvalue = [0, 0, 0, 0, 0, 0, 0, 0, 0, 0, 0, 0, 0, 0, 0\n0, 0, 0, 0, 0, 0, 4, 0, 0, 0]"] ;
118 -> 120 ;
116 [label="gini = 0.0\nsamples = 4\nvalue = [0, 0, 0, 0, 0, 4, 0, 0, 0, 0, 0, 0, 0, 0, 0\n0, 0, 0, 0, 0, 0, 0, 0, 0, 0]"] ;
99 -> 116 ;
100 [label="LotConfig <= 2.5\ngini = 0.692\nsamples = 17\nvalue = [0, 0, 0, 0, 0, 1, 0, 1, 1, 0, 0, 0, 0, 0, 0\n0, 7, 0, 0, 0, 0, 0, 6, 1, 0]"] ;
37 -> 100 ;
123 [label="gini = 0.32\nsamples = 5\nvalue = [0, 0, 0, 0, 0, 0, 0, 0, 1, 0, 0, 0, 0, 0, 0\n0, 0, 0, 0, 0, 0, 0, 4, 0, 0]"] ;
100 -> 123 ;
124 [label="gini = 0.6111\nsamples = 12\nvalue = [0, 0, 0, 0, 0, 1, 0, 1, 0, 0, 0, 0, 0, 0, 0\n0, 7, 0, 0, 0, 0, 0, 2, 1, 0]"] ;
100 -> 124 ;
38 [label="LandContour <= 2.5\ngini = 0.2585\nsamples = 21\nvalue = [0, 0, 0, 0, 0, 0, 0, 0, 1, 0, 0, 0, 0, 0, 0\n0, 18, 0, 0, 0, 0, 0, 1, 1, 0]"] ;
14 -> 38 ;
163 [label="gini = 0.5\nsamples = 2\nvalue = [0, 0, 0, 0, 0, 0, 0, 0, 0, 0, 0, 0, 0, 0, 0\n0, 0, 0, 0, 0, 0, 0, 1, 1, 0]"] ;
38 -> 163 ;
164 [label="gini = 0.0997\nsamples = 19\nvalue = [0, 0, 0, 0, 0, 0, 0, 0, 1, 0, 0, 0, 0, 0, 0\n0, 18, 0, 0, 0, 0, 0, 0, 0, 0]"] ;
38 -> 164 ;
}